[
    [143.6, 2.55],
    [168.833, 32.633],
    [257.859, 30.909],
    [380.3, 2.13],
    [436, 11.675],
    [383.025, 48.462],
    [308, 50.6],
    [259.333, 72.9],
    [206.4, 120.8],
    [252.738, 130.858],
    [284.4, 121.7],
    [273.875, 164.3],
    [189.112, 133.611],
    [108.75, 148.05],
    [45.886, 187.9],
    [48.5, 203.3],
    [28.875, 213.8],
    [0, 207.5],
    [22.625, 177.9],
    [74.189, 149.3],
    [15.553, 130.905],
    [10.4, 93.5],
    [57.335, 93.311],
    [100.181, 75.953],
    [123, 13.6],
]
